
ZAI = [
666
0
];

NAMES = [
'lost            '
'total           '
];

iLOST    = 1;
iTOT     = 2;

MAT_fuel_VOLUME = [ 1.95057E+07 1.95057E+07 ];

MAT_fuel_BURNUP = [ 0.00000E+00 7.27046E-02 ];

MAT_fuel_ADENS = [
0.00000E+00 0.00000E+00 % lost data
7.93476E-02 7.93479E-02 % total
];

MAT_fuel_MDENS = [
0.00000E+00 0.00000E+00 % lost data
3.33040E+00 3.33040E+00 % total
];

MAT_fuel_A = [
0.00000E+00 0.00000E+00 % lost data
1.96425E+14 3.46111E+19 % total
];

MAT_fuel_H = [
0.00000E+00 0.00000E+00 % lost data
1.54617E+02 1.01512E+07 % total
];

MAT_fuel_SF = [
0.00000E+00 0.00000E+00 % lost data
2.64620E+00 4.97419E+02 % total
];

MAT_fuel_GSRC = [
0.00000E+00 0.00000E+00 % lost data
1.66016E+13 3.37715E+19 % total
];

MAT_fuel_ING_TOX = [
0.00000E+00 0.00000E+00 % lost data
1.01048E+07 5.94494E+11 % total
];

MAT_fuel_INH_TOX = [
0.00000E+00 0.00000E+00 % lost data
1.93417E+09 5.88651E+11 % total
];

TOT_VOLUME = [ 1.95057E+07 1.95057E+07 ];

TOT_BURNUP = [ 0.00000E+00 7.27046E-02 ];

TOT_ADENS = [
0.00000E+00 0.00000E+00 % lost data
7.93476E-02 7.93479E-02 % total
];

TOT_MASS = [
0.00000E+00 0.00000E+00 % lost data
6.49618E+07 6.49618E+07 % total
];

TOT_A = [
0.00000E+00 0.00000E+00 % lost data
1.96425E+14 3.46111E+19 % total
];

TOT_H = [
0.00000E+00 0.00000E+00 % lost data
1.54617E+02 1.01512E+07 % total
];

TOT_SF = [
0.00000E+00 0.00000E+00 % lost data
2.64620E+00 4.97419E+02 % total
];

TOT_GSRC = [
0.00000E+00 0.00000E+00 % lost data
1.66016E+13 3.37715E+19 % total
];

TOT_ING_TOX = [
0.00000E+00 0.00000E+00 % lost data
1.01048E+07 5.94494E+11 % total
];

TOT_INH_TOX = [
0.00000E+00 0.00000E+00 % lost data
1.93417E+09 5.88651E+11 % total
];

BU = [ 0.00000E+00 7.26594E-02 ];

DAYS = [ 0.00000E+00 1.09000E+01 ];
