
ZAI = [
666
0
];

NAMES = [
'lost            '
'total           '
];

iLOST    = 1;
iTOT     = 2;

MAT_fuel_VOLUME = [ 1.95057E+07 1.95057E+07 ];

MAT_fuel_BURNUP = [ 0.00000E+00 2.00110E-02 ];

MAT_fuel_ADENS = [
0.00000E+00 0.00000E+00 % lost data
7.92438E-02 7.92439E-02 % total
];

MAT_fuel_MDENS = [
0.00000E+00 0.00000E+00 % lost data
3.33040E+00 3.33040E+00 % total
];

MAT_fuel_A = [
0.00000E+00 0.00000E+00 % lost data
2.40096E+14 3.10502E+19 % total
];

MAT_fuel_H = [
0.00000E+00 0.00000E+00 % lost data
1.88992E+02 9.80266E+06 % total
];

MAT_fuel_SF = [
0.00000E+00 0.00000E+00 % lost data
2.64076E+00 1.14385E+02 % total
];

MAT_fuel_GSRC = [
0.00000E+00 0.00000E+00 % lost data
2.02940E+13 3.04474E+19 % total
];

MAT_fuel_ING_TOX = [
0.00000E+00 0.00000E+00 % lost data
1.23319E+07 4.87055E+11 % total
];

MAT_fuel_INH_TOX = [
0.00000E+00 0.00000E+00 % lost data
2.35331E+09 4.94221E+11 % total
];

TOT_VOLUME = [ 1.95057E+07 1.95057E+07 ];

TOT_BURNUP = [ 0.00000E+00 2.00110E-02 ];

TOT_ADENS = [
0.00000E+00 0.00000E+00 % lost data
7.92438E-02 7.92439E-02 % total
];

TOT_MASS = [
0.00000E+00 0.00000E+00 % lost data
6.49618E+07 6.49618E+07 % total
];

TOT_A = [
0.00000E+00 0.00000E+00 % lost data
2.40096E+14 3.10502E+19 % total
];

TOT_H = [
0.00000E+00 0.00000E+00 % lost data
1.88992E+02 9.80266E+06 % total
];

TOT_SF = [
0.00000E+00 0.00000E+00 % lost data
2.64076E+00 1.14385E+02 % total
];

TOT_GSRC = [
0.00000E+00 0.00000E+00 % lost data
2.02940E+13 3.04474E+19 % total
];

TOT_ING_TOX = [
0.00000E+00 0.00000E+00 % lost data
1.23319E+07 4.87055E+11 % total
];

TOT_INH_TOX = [
0.00000E+00 0.00000E+00 % lost data
2.35331E+09 4.94221E+11 % total
];

BU = [ 0.00000E+00 1.99980E-02 ];

DAYS = [ 0.00000E+00 3.00000E+00 ];
