
ZAI = [
666
0
];

NAMES = [
'lost            '
'total           '
];

iLOST    = 1;
iTOT     = 2;

MAT_fuel_VOLUME = [ 1.95057E+07 1.95057E+07 ];

MAT_fuel_BURNUP = [ 0.00000E+00 2.00106E-02 ];

MAT_fuel_ADENS = [
0.00000E+00 0.00000E+00 % lost data
7.94094E-02 7.94095E-02 % total
];

MAT_fuel_MDENS = [
0.00000E+00 0.00000E+00 % lost data
3.33040E+00 3.33040E+00 % total
];

MAT_fuel_A = [
0.00000E+00 0.00000E+00 % lost data
1.86386E+14 3.23054E+19 % total
];

MAT_fuel_H = [
0.00000E+00 0.00000E+00 % lost data
1.46715E+02 9.93020E+06 % total
];

MAT_fuel_SF = [
0.00000E+00 0.00000E+00 % lost data
2.64695E+00 1.47805E+02 % total
];

MAT_fuel_GSRC = [
0.00000E+00 0.00000E+00 % lost data
1.57527E+13 3.07083E+19 % total
];

MAT_fuel_ING_TOX = [
0.00000E+00 0.00000E+00 % lost data
9.59287E+06 4.80911E+11 % total
];

MAT_fuel_INH_TOX = [
0.00000E+00 0.00000E+00 % lost data
1.83781E+09 4.90152E+11 % total
];

TOT_VOLUME = [ 1.95057E+07 1.95057E+07 ];

TOT_BURNUP = [ 0.00000E+00 2.00106E-02 ];

TOT_ADENS = [
0.00000E+00 0.00000E+00 % lost data
7.94094E-02 7.94095E-02 % total
];

TOT_MASS = [
0.00000E+00 0.00000E+00 % lost data
6.49618E+07 6.49618E+07 % total
];

TOT_A = [
0.00000E+00 0.00000E+00 % lost data
1.86386E+14 3.23054E+19 % total
];

TOT_H = [
0.00000E+00 0.00000E+00 % lost data
1.46715E+02 9.93020E+06 % total
];

TOT_SF = [
0.00000E+00 0.00000E+00 % lost data
2.64695E+00 1.47805E+02 % total
];

TOT_GSRC = [
0.00000E+00 0.00000E+00 % lost data
1.57527E+13 3.07083E+19 % total
];

TOT_ING_TOX = [
0.00000E+00 0.00000E+00 % lost data
9.59287E+06 4.80911E+11 % total
];

TOT_INH_TOX = [
0.00000E+00 0.00000E+00 % lost data
1.83781E+09 4.90152E+11 % total
];

BU = [ 0.00000E+00 1.99980E-02 ];

DAYS = [ 0.00000E+00 3.00000E+00 ];
