
ZAI = [
666
0
];

NAMES = [
'lost            '
'total           '
];

iLOST    = 1;
iTOT     = 2;

MAT_fuel_VOLUME = [ 1.95057E+07 1.95057E+07 ];

MAT_fuel_BURNUP = [ 0.00000E+00 2.00111E-02 ];

MAT_fuel_ADENS = [
0.00000E+00 0.00000E+00 % lost data
7.93584E-02 7.93585E-02 % total
];

MAT_fuel_MDENS = [
0.00000E+00 0.00000E+00 % lost data
3.33040E+00 3.33040E+00 % total
];

MAT_fuel_A = [
0.00000E+00 0.00000E+00 % lost data
2.02939E+14 3.18362E+19 % total
];

MAT_fuel_H = [
0.00000E+00 0.00000E+00 % lost data
1.59744E+02 9.88165E+06 % total
];

MAT_fuel_SF = [
0.00000E+00 0.00000E+00 % lost data
2.64505E+00 1.35630E+02 % total
];

MAT_fuel_GSRC = [
0.00000E+00 0.00000E+00 % lost data
1.71523E+13 3.06061E+19 % total
];

MAT_fuel_ING_TOX = [
0.00000E+00 0.00000E+00 % lost data
1.04370E+07 4.82928E+11 % total
];

MAT_fuel_INH_TOX = [
0.00000E+00 0.00000E+00 % lost data
1.99668E+09 4.91453E+11 % total
];

TOT_VOLUME = [ 1.95057E+07 1.95057E+07 ];

TOT_BURNUP = [ 0.00000E+00 2.00111E-02 ];

TOT_ADENS = [
0.00000E+00 0.00000E+00 % lost data
7.93584E-02 7.93585E-02 % total
];

TOT_MASS = [
0.00000E+00 0.00000E+00 % lost data
6.49618E+07 6.49618E+07 % total
];

TOT_A = [
0.00000E+00 0.00000E+00 % lost data
2.02939E+14 3.18362E+19 % total
];

TOT_H = [
0.00000E+00 0.00000E+00 % lost data
1.59744E+02 9.88165E+06 % total
];

TOT_SF = [
0.00000E+00 0.00000E+00 % lost data
2.64505E+00 1.35630E+02 % total
];

TOT_GSRC = [
0.00000E+00 0.00000E+00 % lost data
1.71523E+13 3.06061E+19 % total
];

TOT_ING_TOX = [
0.00000E+00 0.00000E+00 % lost data
1.04370E+07 4.82928E+11 % total
];

TOT_INH_TOX = [
0.00000E+00 0.00000E+00 % lost data
1.99668E+09 4.91453E+11 % total
];

BU = [ 0.00000E+00 1.99980E-02 ];

DAYS = [ 0.00000E+00 3.00000E+00 ];
