
ZAI = [
666
0
];

NAMES = [
'lost            '
'total           '
];

iLOST    = 1;
iTOT     = 2;

MAT_fuel_VOLUME = [ 1.95057E+07 1.95057E+07 ];

MAT_fuel_BURNUP = [ 0.00000E+00 2.00074E-02 ];

MAT_fuel_ADENS = [
0.00000E+00 0.00000E+00 % lost data
1.72438E-01 1.72438E-01 % total
];

MAT_fuel_MDENS = [
0.00000E+00 0.00000E+00 % lost data
3.33040E+00 3.33040E+00 % total
];

MAT_fuel_A = [
0.00000E+00 0.00000E+00 % lost data
1.31800E+14 1.74484E+19 % total
];

MAT_fuel_H = [
0.00000E+00 0.00000E+00 % lost data
1.03746E+02 6.35277E+06 % total
];

MAT_fuel_SF = [
0.00000E+00 0.00000E+00 % lost data
1.44964E+00 6.44747E+01 % total
];

MAT_fuel_GSRC = [
0.00000E+00 0.00000E+00 % lost data
1.11403E+13 1.66294E+19 % total
];

MAT_fuel_ING_TOX = [
0.00000E+00 0.00000E+00 % lost data
6.76954E+06 2.66076E+11 % total
];

MAT_fuel_INH_TOX = [
0.00000E+00 0.00000E+00 % lost data
1.29184E+09 2.70547E+11 % total
];

TOT_VOLUME = [ 1.95057E+07 1.95057E+07 ];

TOT_BURNUP = [ 0.00000E+00 2.00074E-02 ];

TOT_ADENS = [
0.00000E+00 0.00000E+00 % lost data
1.72438E-01 1.72438E-01 % total
];

TOT_MASS = [
0.00000E+00 0.00000E+00 % lost data
6.49618E+07 6.49618E+07 % total
];

TOT_A = [
0.00000E+00 0.00000E+00 % lost data
1.31800E+14 1.74484E+19 % total
];

TOT_H = [
0.00000E+00 0.00000E+00 % lost data
1.03746E+02 6.35277E+06 % total
];

TOT_SF = [
0.00000E+00 0.00000E+00 % lost data
1.44964E+00 6.44747E+01 % total
];

TOT_GSRC = [
0.00000E+00 0.00000E+00 % lost data
1.11403E+13 1.66294E+19 % total
];

TOT_ING_TOX = [
0.00000E+00 0.00000E+00 % lost data
6.76954E+06 2.66076E+11 % total
];

TOT_INH_TOX = [
0.00000E+00 0.00000E+00 % lost data
1.29184E+09 2.70547E+11 % total
];

BU = [ 0.00000E+00 1.99980E-02 ];

DAYS = [ 0.00000E+00 3.00000E+00 ];
