
ZAI = [
666
0
];

NAMES = [
'lost            '
'total           '
];

iLOST    = 1;
iTOT     = 2;

MAT_fuel_VOLUME = [ 1.95057E+07 1.95057E+07 ];

MAT_fuel_BURNUP = [ 0.00000E+00 2.00106E-02 ];

MAT_fuel_ADENS = [
0.00000E+00 0.00000E+00 % lost data
7.92057E-02 7.92058E-02 % total
];

MAT_fuel_MDENS = [
0.00000E+00 0.00000E+00 % lost data
3.33040E+00 3.33040E+00 % total
];

MAT_fuel_A = [
0.00000E+00 0.00000E+00 % lost data
2.52455E+14 3.08297E+19 % total
];

MAT_fuel_H = [
0.00000E+00 0.00000E+00 % lost data
1.98720E+02 9.78153E+06 % total
];

MAT_fuel_SF = [
0.00000E+00 0.00000E+00 % lost data
2.63934E+00 1.08678E+02 % total
];

MAT_fuel_GSRC = [
0.00000E+00 0.00000E+00 % lost data
2.13390E+13 3.04049E+19 % total
];

MAT_fuel_ING_TOX = [
0.00000E+00 0.00000E+00 % lost data
1.29621E+07 4.88296E+11 % total
];

MAT_fuel_INH_TOX = [
0.00000E+00 0.00000E+00 % lost data
2.47193E+09 4.95078E+11 % total
];

TOT_VOLUME = [ 1.95057E+07 1.95057E+07 ];

TOT_BURNUP = [ 0.00000E+00 2.00106E-02 ];

TOT_ADENS = [
0.00000E+00 0.00000E+00 % lost data
7.92057E-02 7.92058E-02 % total
];

TOT_MASS = [
0.00000E+00 0.00000E+00 % lost data
6.49618E+07 6.49618E+07 % total
];

TOT_A = [
0.00000E+00 0.00000E+00 % lost data
2.52455E+14 3.08297E+19 % total
];

TOT_H = [
0.00000E+00 0.00000E+00 % lost data
1.98720E+02 9.78153E+06 % total
];

TOT_SF = [
0.00000E+00 0.00000E+00 % lost data
2.63934E+00 1.08678E+02 % total
];

TOT_GSRC = [
0.00000E+00 0.00000E+00 % lost data
2.13390E+13 3.04049E+19 % total
];

TOT_ING_TOX = [
0.00000E+00 0.00000E+00 % lost data
1.29621E+07 4.88296E+11 % total
];

TOT_INH_TOX = [
0.00000E+00 0.00000E+00 % lost data
2.47193E+09 4.95078E+11 % total
];

BU = [ 0.00000E+00 1.99980E-02 ];

DAYS = [ 0.00000E+00 3.00000E+00 ];
